$ANSIBLE_VAULT;1.1;AES256
65333565663166343634653761356263383436613966653336333730366264363135336633323661
3131343563633563313936646265616637636263373033330a643135376363353831343035353166
30306533336138303431343738643463636138393066663664613165626230623738393433323236
6538616630666463390a333365313239353961373931353131333161373461633538656437613137
33663134353662346139626466626435333731313764333332656633633335323764336430663338
35663833653236316663363332383932613138643638666664643834336633623731313635383532
62336664366463623034633330336333663163653961376433373639636639646136376435613762
34616235356166386663306137323336646461316138396135646465353836666261353831353935
61623764653137373131613161363135316332386437343735623462633562363362363333323332
38363139623762383862323265326562336239383734663532623266633435353033653961666266
38393632643663383933313063316263383936376331373638353564643334666662393133363638
31653232646533633230623338313930313132333539363662373463303466393235366366636565
34393739333130633734373439346664643035626437666239633563326463663464623164343266
31643030636235353231663864393332303839373831646432333030373361396465356231336330
36316531623666623235353965306333623336323939333935613465663337636635343037373639
64633339326162613937653035623066306437343039326531373963306132663163626532356561
61353236666462386532656366653437323433333538333130656130666162326533343961343437
34393734663265376632303233663238613663643161656366323537616431376664333637656665
64396534303833653665666138313162656439333432373763373034656261646134656663346331
63323635303930356266633037306538353563656336343437323134353261633261623536316533
66303364353936636332623337656631643337616638393161323063356662386636373737376239
36376264373736623037653630643930633338363233353239306131653832316439326339346338
31303961343136323534316365323636333232663331316661303231386134353337366336643063
37353062306634663130653765373436333139616433623030373933613663316337653434313262
30343631366634343839666461653235653633626538626235373336643532646336376631626330
64316333353137383530353563306362333234306530666535393331363437383662616633316335
65643633333436356634303762326230303833303961356561623661656161306534303537383461
36323932303632613030396434373739616537303933633639373063386333396232306234346235
65333861373434616266646464393630633265663163353235643565613166643338303437313966
64306537363233633334666434303234316636306535333865396565623132326366326433383438
35353166653463313136623461366235613031366236303337323265353035386230396637356261
34613364363133383530653064366532613138623935336336313061626164633936323732373338
61323331333334313966333032386162636266333036363362663532326536643038346431316239
36373438353531623134613632636530383339633333613563656362393930343835313663363938
37336636653539313766333663383137633864343337636135383338646331613830666561633838
35313561316335653433303138323039333437656261653766626430646263393561366366656331
61633331323034616363393536356363653330363634633364373664376562343165343564336166
32313566623533333133383038663331393263396231666635623236303430653536336332303763
32373630666466333838386136313434333534333564346164353034653365303462313932636430
61323434393262336439303661353661366161353430623361373336646234633064323338623638
32633931366534303834313563343430666635343763373837356135396133303366373365623561
36646538396237373635346561393230393034363939643933333631326334643132346663383462
39373865313662336462626366393935363430303233363837666463326235393337386135393138
39333766623663326433663239626636323265343038313561653430623632313237656565386531
64313337363764326632353537313833323137356639396361623663383034333936383837313663
39313336616435393838623139313233656264326366363731623664303434336162383132306663
66363861313935333637333865653064633362363238616366613862343061313039346162666338
33343632303638363033386437663063626533343139373033623937633334313234613339343139
32386235663564336135366466366435323063666230333535333830663237303230623263663864
63316261373338386335376262336638353133613830373137346437653863313138373764623734
63323532633437646665373762323864353232633035373731643832356366353665353030303262
32393465306465333661633837373962633962663734393931363632343837383332653664333764
65626362363233623833666535366135373933343964323639333566313862623061623132343636
65323137383663313965333132633637643734323237386462343138643361646639326536333630
63366463343463663833313866333531306163643134326264356164383566373864333937663635
38393436616333303562663330316235343530366536653264343233313962343138663632633464
32636439323962323932333262363535376630663534623031663864303031666361323864383235
64663532373137646431333839616239343138306634336362306537343961656339643066373764
66353565353339653162333730656636356336646432653639333638656639346630323832643234
61373134373031393563656630633937613936386332643135666532316434333634333836323530
33663935623363306565353065663035393031333638643135306166313866626163396238663432
37623837353362373863346361363063633431316434663036653239323264323364343930346666
65326466346234323334383336656536373332613763336333623330623131396333356131666436
32376539653431343436363263303633333734633532613732663639383334663361383830623364
35393136343531663761636532613561643130626637653238393063333461313535396438366262
39666262346131616533316164313636663937366238313032323633663139303265353831663630
35666362316336306134383432323564333830386534353039363864356538626361613564343336
63306439636337306266343635653937613163353534353365366466313630353331643436316330
66323439623637373866323264633734376663663563396162656263656531323564646139343965
39336631633739383630396561653632303364373835643365323466613134623735626366383633
30653061373332393066303462646339386332323238343139303935316266653632393436653539
32366635363962353162386330383233613235373337663862373032656231653664366130313037
64333566326531323431303032333038386438396234646139326336343433363931653937313735
30313632303238346533376337323639373136643564633964633038323566623935396531663265
34353536323435363232303335643366616361626436383030636534323732656532613338616634
30393061316139313865663031636139636638373362363765623565666466643936663836326133
33393765316539343830346631313833626362393332373639663434363965626363373036376331
66393837373131633136653836333637386336343436623539633633343934353930316464623564
34313938396437626162316565343430346635656138303037366161356665666131623833646438
39323336633435356537313035363837646532336132353364383336613362663365353638306166
38616566376637363039396266613437653139353164663561313835393533303439363339333332
39626435356662323961613234303966313964623637336532363332343338393033376462626439
65643335646330346661633566623237396561636331656232316635663364653061333831613032
65383065396432363837306534353264613636393437656439663661336264356666353765326263
65653638363966313838373139633663653261366665313531306162656335306363313432336533
39383766373963346634326438326664306134333532323533333735333937333734643863633737
36303464653661383736653135373339393438623066393431346435333531626337333365623332
37656635633762313334336637386363666163616161373563396435373666386237666461306561
64313462346437383563663239383033633639623139623835656438616130303964323631386238
39343430633634653866363235343763323166393837623134326637393133383838653261313631
37363935396332633038346338393063313838303563643939383431623631643365653036623263
62346662653830386463373431623334313366646565666332323534643164656136356336653665
30386163373936656530346561616530366562306364356433333463623765393234363963336637
32656539366636323330373263383038633430623635396334323462343138333166636162313933
31643863663836653934383539326461373861636335323232316531363434336337316566353937
61613838396534366135313335386264356131613762643833346164643838326130316264393334
66653864613462336132366531393730333661343761393064663632386164356431316665653634
37313434393438613932623265643437666631633364393237336436393162653435313837613935
35653637623061386331303439353730663339343839646233353632653364343762353230643338
34313030353335373735656437643338373830313665613263396639363636306561363432633032
31636462303633383363316139303434383661376263346435633631323432326161626335613565
64373031323536616363323265653435313239393333383762333963366433313864623062623461
35346633383331306464663230376433623963326633653836613539656236626138616630623930
37346561386464353561393433306634343038623065336639656365323931626662393565616564
62613633386534343339663061656231653732303663323835366536633630346466313536636135
63366436633533616464363835663938353363313830393164653930346265613066616635663265
35316136666161653731353237653431666166616630326238643835626331346333643236636234
31396462323264353530633763303834393663363039356539323739656135313662396566393638
39663166613738383863343062323335313036623737633731613861326161366564306138326138
39346330633038643166356262616238643231636630353263613635303130623434373138653362
39646261643034613333653539343763383037346563613339633765633231656233306439306633
38666638326139626361393033323438336563623834313965356465656332646364336130623431
63363331646462633235643465313435623435646530313731326561636365623635343065376565
38633464666565323765303561373036653830353339663461386139376434326464346661633463
30383533363138353736396237643938656333386534356162643463333730383438313034346632
33646136323938336230343436323062666439636330643236613037646439323032393633353965
61653664656436306662636562396462343831343063356636663134623063666331386537346637
61336437373331353261396432356338373033613235323564323232376439633530323932393439
62616535663239323934323531656462616436396531383230626436636162313333643336613939
39343634373934633737303030623166626538666138373738326533643533396134396664393839
63643062626236343364346533373439643536363966396163666664383238313461346636353331
39353537666335383439616636306462326664326539626164313030333731663733306538336530
37313166376637326232363539383938393563393633613934383562383833333039346565383534
64326664336638393362363166333531326338393033323931376530646130303837663635326435
64636231346535656136373838646662316564313637383363353631633133363437323439303736
34313863316634326663666434613463616332616534636339323937316465393061393533623261
34663162626664373338363965396430656339356438633532393334613335366538343733356363
32383931333638356531626530353638323836336131373931626538623738656334393262386433
37306433636261653864353832363633633831313066376435623537666236653532353833333162
32366661353637663462373938643430313431663736303966323862306431316130393133323734
62303939396462636633393333383730373766313864316666656638333631373161626139646564
33633564613132373737383637333966323539353661323061323333356532643834656334363130
37343035653733373937376339323339333534303035336633393830306564306436313966396539
61393832313033303564383332393734386239383631663935363137313937396439656161396436
61386263633734363765313431656633643032633534613536643135323763623030363739313032
39643131376637646365393633313162333862636234356466303638643437656461666433313836
62353066323038346538333330663932316266636138306563366662363661633033633161383935
33376166343165306435396633666461623536316632316631393066323535383933613561653233
33666661633766636166646666633562396132656634373331386238366566613034663363663061
34656163623662316137636262643061363262616465643265333762646239343662383734363433
63663638393139363639623735303831646232616161326630373639326662303033313131363764
66613637373166653530646361616334346132623636613438346431313539333933656364313430
33653339663165623639373666633461633036326434326266633862353235356265313931376265
61353937663762366166303939393864366265663734613430303131363161626665393366326233
33663430376437343139363438653837313263373335343366376337386361396564303064663237
63376461613364353730333837383937656534643834356532343265623962326234636439626638
653864323336613837613137326531363036
