$ANSIBLE_VAULT;1.1;AES256
66373265353337346366616234663335313166653932626663313539663366363264633664633063
3435386135313733666565653663663836326239653638640a613539353033303336643030323731
64373533323166333135323762353161396336633634363863303164313431373535333962613664
3463633437613739300a666232313034323664633138303032383863623537376566643763356133
36333961313863356533613862333762303933636536653437376433616232663230616264653737
31333831616666393964393866303336343066316237623231356437316462343062653839636331
32306137376235623963613130326236636565353265373562373439656232646330376533613966
32326630363762653766336465323232633139373564303166656336363332383136326339386139
66373563623134356661373066616565636235346333623533323634313730633864383836613635
35613938313462346362623665313039363536363763656330333464353666646661396662376133
34386661396435646138666434313235383130343136653039643037316536346235656565643731
34376138616366373338383833393765356138306662646562303735633262663133323733373735
30383238653661626265613363663161656364313832343561373665666262346637316437653534
39393530313364343038386539633238356563383036306338393435613931623633303965383465
34383462303732613032363033346663633333333332396432386662623835373132353939623966
33616464616466376164316234636436383936313530393062623239356666643766396233343038
39326433613466353231353066346639386332303735373233323563666164393836653935396437
65353636626665663332306237653136333161623330323534303761396531663234316631366337
35386666346130396566323530643664373130336663336265653633636236663231623730326335
32666165633462303566386365386634313466636531313163326465363965363562333363633932
30393537323039326633353762376639343364646533316163666439633166343763363935666434
33663862356465343838313132386437393235303038383965633562626135343866636136363037
66623936623532653030653262633239383434363537326465643062366361333638653263303637
37396634376434666238643363356462636465623664343530663865646636363934363634363865
66643161613231316264623831656336623939626130373461336539313462663762643739366364
39626238336236313961636535643232633063646638363530386538383364633331616131346337
36653438626564626537393235653735633937366131373536323431623232363232366165353461
31643062646466396337313439346138396339383165373737613230633730356633613432376266
35326630303366396634656639613266383263343031363666306434626163343732626230383663
36653863393036353663383238616662356265643437623764613035636462633139313263623638
64353735666136613833383864343032656637343739333730323138646534333738623039623835
35303633313766333833353632643533323033356639316162326139383061623739613735396361
64303335353731343062396137393338393935313232363565373030373466313763336238666238
38633864633832663666326334336636613838633439326261623366323134386661633265666462
33623361393735666661353166396437613737333438646266393438393138366466306662353230
39653862306561653734323537616465373339636561376265613766316434306536663863623961
32363864663331626137656666383135316634653739616135306330363939666661383430626634
31626232363039333735333366643139363731623736336137663732373531623361396632323030
34303866633331346164353038623439386631323038613837396131616332313130646462643133
63326134656339633932656365633966366165646235393738613639353036333633613335306362
30333232393266316235326430303737666434623163366335646236356439633030393531646566
64386363336337633133373263386234343535316364663738636131363931363463666233663830
34303636323066346266323031363162383939353538663466303964666362303961613166613963
30393933356633303937336163633763393961653233616436376366343030633433623062393639
34393136323338646630623832633162346566303330313730626161313465663237303839333261
61356131316233333737616564316331376136346237626461323366623963663764633031373536
32643535386461333165323765393764616463306439653563313865663932666332333431366330
31313332653535616336663035633264373431316164386530623464346631343830303132666639
35393831613039376538316636633761373237313161613739393839623538363366633165363265
36366235646664353839353031633562656535663731633766383066323332386339396638623061
62623866396537353133383635393765336331653561613234323631323563616233646663313233
30343730343261653264363436636632633231323735306138666461656433373862643732323732
32303439356233343730613264316530373639363030396661333064613565326362323966653632
39303162343732306465343564316261363937633234373335393462613961306163643134316261
65343138333065393866356635393534303934356366313737313031336536383035323437666432
31383464613531383264333765346361393464363836323765623139623039623966313132656634
64636139663633613237633236383333306564613738386335653130373163343163303465313164
32353236316262356434366438646133623635643838633737333064373831386162323862633665
61643830383465376338353937613639353132633730643636316536623761356239393866343066
61353031326637663062393866303137343337313035326561323837373331306638653730346665
35316363306233616435323237343032633861363335653032623735336563373830303933653861
38316636636132616664633730633130616532616534346664396133396363336336333664646330
30653161613134636166366339393866623165303162643461333438323766613262646139336665
66653865653134643732623761653565653834333932326637643961383866613933643761306332
31363831626436353363386331373935313066386362623666326365306239346534333036323234
62316433353833643163613664646432376239636665383734393361323231303230323930383032
61336331656131636132376434333635323238343135616435623662343939633062663338613364
30613061383161353733306638386339393564643933656564316335373732366530626265643536
33383462356237303966373237616366306462653732346132306230646433313633306161393662
63666266363735363133323732643937613662656139613634353466623231333334653431366163
36323762633234313263383534656633393135633932653031636334316166393634356564363334
30663063373965303661303963616439666131646665343734623135346134343333383738643365
66666639343661353365663637323266333163666434643565343238646636623131306130386462
62316663366536316435616264393333333561303333346333353834663838646331353563396365
36303439313764346334396338666133356234643434623466303261386464393166306336643437
65366335386661303630666539616130353865643138663265626563363964303330393938396636
35313636333835643165363435633431653333323438643638643036623761336264303233353332
39373437303066396163393138353235373032376539356534386435376261653335393739333764
37353633666162663138623966316630356531353636623864663230323031663866633035346662
31333537313932336534336136353533663539343865393233333561323536313332346338663631
37346264636534373362613537636666323330386266363535613065383161333633636132393064
62393036383237333361633331646230396637323630663666393962643737336462613435313836
38386433363833646238626135373734646561393730656136623937616330346630653833373236
36626632376164646532333436373132323332353135646235333933623961393662613163346162
30396663303939373034336265363563373966313666643036666131313563653430643738363432
33646339353437616638306537633262353730343662313132353665623838343533383363346164
37373561336163313638633534396135393466353639393933663930353730353933343633353964
61393062303533333339326437653039643833633365326131313534316430396161643833396235
63646636333833343237653164623831623866386632613331653334363663393763383865303965
63626232646433383034643730396538316165326632383964303266326135613066316565626437
35303563616163316465323635373161663838646665303737323839666137353961313532313762
30653863643062663962663938336439313539636133326335646230626636303433373166613262
38323663316538656234326665646639633835613036376230376436643462636136363362353638
30306531343735323431613930643963346337303465386536613663383432353134336134386433
33333131616230323539303661383761666261656139383732646232306233356363383230643336
62613137653635386433333563346332373434376164653366353835353634623865353363363938
64356430626537636139393163373464643931346434316465343936643062313933323133376665
61303738343032366339396338323132326166666434663735396337626361653436646366666438
30643161383862383332306162393865386662653164323532663862353165313138643038306639
31333065353462616363646330356665356661663437643662656565636637663931343162613735
63333663623661663237386263633632343530303034326263616334373832316237373632643364
62656465343835643063336330363233393933386339656166646636396132316334313634373531
61376435386438376362366165373066363635646566383066656336613632323138383061623736
66623065353032346635323764396437306666363331663532616134613930313631343531333465
62303333323035623934386637623066373332356535333337343661353763353566323533326338
38313364643062616261643163393963396139336564306537393063653136343161323533353731
39656437613235666236303164373265393661396231653438376338376162363461623934613732
63363539383363663666653766636634636332323031373062303465333432366338623839313765
64663536653037376433356237616337623063396261666234386262323430323030336261363633
38313565666430393561643835343962633266613564366435653364323931343938373664666463
64623264313835353730376466383539613132366638313466306134373239656363663533633364
31323061653437363536343965376131373564313366663934613465393738366366656162306138
36626634363233653864633233393766373062323363333933386139316535626165373364316463
35306439666238336239646132626362623261373062633734373731623132396135393335363861
36626161333933666364653631663362623034643038643461333236346130653835643637663965
32386561323139303237353030666366666536333733393337306433373363616566383039666239
61393566656535326463313066386236663961613734313536396433363836656631373531623865
63323038376334633661646462666466653136333431623366656430343963303435383131323266
38356135333939343937623730626261393835363762323030373861353230643962396230326539
62373463646461396537323330373065396561646436363638376537356662656237653130343337
61393334326465666561646536393431346263643564656531343832323639336633666562656464
37386536626262393931386330626533666632323336343133643961313966333336396364393965
30306463633564643762353033363431306430653936336436633563396434316638653635346466
62623163633535353533366437373837363561393165303437393733616539646238336565353733
64373166623535333466613738353030633439636330303931373266386162623162663262383965
37616333343862346236376361356233643662376561326430373861396162333461633635656231
65323335343031363364383337363164336132393930353562386533393263633761613065306163
31393730323764396334313735653963303434363234623638353866396131303031636630366535
61356134613834383532376562616465623930366130646436613039623131646431346439666432
33633234333635363233623362346466346161613136366661313862656562356466643966343432
30393230613438363564323235646539353763323363636365653465346239366138633332613464
33396234643165306632383566313430313438626439366461353461313134363833616161393535
34343033363765643437626137343761376365636238333163653337633238623062663636366661
39333036626436306337343162646536626433393763633137346463333464646233303365366264
38383836393863373662323866633130656538363131313966383062666433373563396461323936
31333336373137643932666538636330323837363739616430353733653730363835663730346337
32336438616330383138666233333764653239333435303037376439376431326532646331363037
36613930643964316631643634326333333063333363386232313731316336613031313666333262
36663965636633366536366665326637373864653036373033326634313464383637366138663061
31326638306233643763373363383735326434393833316430626434646561613462626564386134
65653263613637373330346433306465616537633163623763373966663537613439396161623863
36333034623233396130626130623637343966643963616437646432353234376534306639623033
63383030636137653065343535653432386539323861626538623536613932643561343937373333
37666133313734343033346162323437343936373637393831663338383338316661306339613863
37356364326133336564623632663530326165333935343035626261356530626436373465306564
62303861636464383164326136656439653566386433363038663366653463316462663662373062
32333235663166633463363634653530626539636634383962663966666135353338653933613163
63616630313066363436323737616430373461376435316331633736393865653334363030653239
36363435373935383564323266336134613031373663643233653334343737626237396365663535
39336435383462386261623335646234623861353838333636393466633031333666616331656135
65326339363634323265653037663636393031316665356131636531613766626433363538356665
31643166366430306139646363646134306232373462626437336531386431386362333939613633
31363639346630313832646234643436313236653365366133316263343233366438386266313838
33393434613335393965353962613465303664343230623361396566633661343532383466326539
63373239343930376532333333366661663963323935303936623535623739373636356632613331
63636234303835333034653963383433643832326332353361386137316266333030396433316436
33646261306166316565636562396430373763626435623762633265656465663663666634333634
35383133396330623633383438366562326632343432396532383761393063356339323034326330
65626265333265643131333136353036356630646463333262633365376230383262363431323339
30323962626334376264306632383438633631393337663636356636306432373463643635633661
63386661326261396365343637663763386433303731303363623638363832356537666435333535
65613562383133343965616630636537653138316437643737663435303338643061613164363138
62383936356663656231616434396164656265313239396130643139383237373730616634333634
62363664613061316261613731326438653539393038383831323535623133663133343632663663
64323631633362363533663933623133633261376566353762616233343438303131313363393862
63396434626565353838356662613737636332313337343331323830626465303565623436613334
31643730326136363838613133636666313630633730343665346261326635343961303835393132
37313966393861336136373337663933326438323362653934626339613663366539356530393134
61393431326463316639663666353733386239313261623830663133643537616233643939376561
31333639376531333334656534343963343331376365343562363762333533646162386536656630
34383863356561343637643165363031323662613439663833666430643766653539653462633065
61316135333233623435623635653139626638636230623262656462366362623539636462303936
34656530323834323966353864323063303665333335356636356362306234383963323733353633
37666361356162353536396537383038646532366633663431383732356163306165636439376166
61623263356666643033376538343639623938376635343564356530616562326166366166313633
38376431303838386432386461393462343432343038663139656363383362313661343739356230
32343065336134623939346239633564613266326163653037373936653936316639323266613331
3365636235363432646436653164306334376138363735386531
