$ANSIBLE_VAULT;1.1;AES256
63363132386231303636336136306534353361313839336363373537336162653834316437386533
6230303333303935633337376534313239336339333333660a353963316461663966363664333130
34363865326664323839613865393361633139373861663036626265303132303133343935343433
3033353562653135360a396263383432623562616134346332616333393837336436653339393438
63373033646537383533373934383462303133663235333234363734376433626530313135326363
62646334653535313033363738373664383464336634383365343434373331316136343864316164
63366364383133633935373432353336633664313939653066636535653430333363326464326236
62306439306238613161636434346634376235336336383331313261386633323137636436656264
31336366633861656166396439303763633933333530653637366433323534653231343031333762
30666533353966613563653031353037346632643330663666363330336633396434386438313130
66663331366531353662646334373732663066663364323037633764613662353433383536623136
66366136666430646232363631623031366138626366373436373333396638303736633630313231
35356338363737386665633132613265623330376562656533363934613136626437353937616137
30333461313736356337613236656233316636353866356333633130393761343134326162396566
62633931316635346134363035316462653232323433336637626634633961636365326331396338
64356231306538623864663039363261316532396234333839323462326535333538356565626431
66393163633437346162333661653633353836613561313731313635386538633538663262613163
63303138323638616338363135623431353565346130346530353639663366643432363836303062
62623865633733636135316533633533333339336333326334343532666335373631613363366232
30303730636336383131636339343262646361653735656165613263346533323636616236366166
65343136376265363530326532316239343338363536316636643034306662346537663336623062
30643962663561323439663431613532663237383936356439613533646336366266303230333334
61376335666533656532646361363263666339313964653932356561613039313235356133656439
39373732613434373939323964376132363231313934613938656562306562636434666235343065
65613239326638366633643266333738386237623463336662613532396464316164623334616339
37383066366164383662363565326533623362633233643638306566393038636339323266326161
38303736613363363431393530653931323364623631333931613939613734666535626635386439
65383465346539616333386438383534313161396365636161323036383638323863353464653761
61353862303761336130333436363637616463323530633439353432383235623064653133653761
34616532663434366432636436376539626136363639353537646532656132333764313330323937
30336465613664663837303936646433303637333639373566383330306166633638363261343937
62383862336664396562363232643032336533656431386361343561326230343334346633386566
64656563373564663339356538653539346536653432353239386666306133336264393363616536
34323430656639376162353037316437363161396237323935353638313461363165306639333039
37643439366535633734343438353965616561366665393762643838626536333731333461653662
62366364383430663237343163393562636136623339343130356461626234346266383539393430
34636665316561396362323239326239623532393033333636323234633761343837343632666665
38623938653864353732623938356333386165656235373466386261386138643763616331323132
64386539613763643733643137333331336637366563643938653335623762633838666435626231
64376639353336643739646662333066653462643037633132643764376632386364353033376535
62383337333535363662346264343938376536366134626434353531636466646631396434626632
66636637326164643831393864626532366432623532623234613434323965326534383838336366
30643566393563336432653237346331303364646534386131323464356361323063613833343666
30393966626437393866356336663035373562396532616533336331666233383766613839323539
39353939373561656438313834383161653538663938653433356532346430343864313564643662
39663466656535643335663063396665616137343536383033666564333635656432316431386661
34396439626236613434616566363539333938333938623534643261303665376436373663393730
35353931623261303464643930353137313732626261613763356266306138333530613361383835
34326463313733313836363236373238633362626332653765663333663163623731366439633831
36336637626532356633313332313266323638663863623038316232326663376632363064376430
36386163363064626538393030613533616263326437626234376634613637363266356132353761
36393233396139613530656366396437656334373132356534373834343332366461313132396138
35353064376334353134633236653961393864346131333363333162333631386535386331363565
34313566613435373463336163356332373637363936363839613234386165396139373131353432
34323236313931633632656238303930633134393234343563333137303337656662666362666536
38373438366537346638613030623739303331643433373436353061336338376533326138383732
32313435303365613037616134333533336339346666626432396135623231356466653733323030
63353130633764623462623333336661353139353565306338663165366163656335306230396137
39626264363631383563363836343562343035613262316465383236353139343964373264383561
36626436333561633532643833393264633534386535383737633435313138643463393336613438
37643163656262353138656535386261633131656661636539316335396438616663633661626563
63376161373333386131646237626630366132613366633431626466396461396430613765623062
30313264393332656164376139326264393630353165323466313965353430353364393430396230
38303030643961636239353334343634383432666631353631373261623834643232663466653263
31373734663437373164323837313161373564643331386331386233613261393538343961346138
33393064643836363863663932326331653735393438396534396164356138633638353664343534
32366133653366343064313939636337643130323565346364616562376438306339643161303866
63346462313834336465323530613562356532343066643135396565666631653633353232356436
61353764613535373331613266303939373631656665663839656230333662643732346631336463
36663835633839656431656437616162666137313837313536643562636635623530373333346461
61626264303663663831306264626537656362633632326338616363363364653065646633623464
39343161316536313930663265663261343433613930666534646638636364363835383835383639
32623034393732626330383332643732376266333064376164303039336133663933346664653265
66663231346365653163353236646435666261363631666336353833373431356263383963376237
38303434653866636661346636373332373839363331366633623361613735383534323430643562
38353062323664663763366631303130623032383330626531613038653464323534613131636332
37626636396235326263306630396663666261343836666231363363643663353361333232313736
62353638356161313632653162316665326237343436326433316162663938316333303664396166
32633638393431373961353861383661393831353565636639333365633662316563353039336564
65323537656166303836356363653939376162643862336430303736333233333266313830323532
30373533623833623365393036653133643936333635663565333333316637653434346563383936
36303661366263326634336238643437613534346133363734653731303539386137663838643936
34396266653066336231313131356636303966303836323532363063323838323134326139373666
35363264306531646339316163306330303162306234386232333131316261373261306137373432
35663564333165633437336431646662306437363539303435653364623966646566663462643963
64663763346137666464353833363364396431366131313334303964306665343737336235613662
63613230646533656662386434653237366265613832653462303237303939613238383935356538
35626132346430333730646166393531653438653130343961393939303864656663646435306562
64313938386462326132346630383438663665626561663862346662343231376531626533353439
35643364333735643035323363376666356633383939376434333961303231313631346235653763
34333464393030303064353832613764353665323861626365313561336133663166343262643334
37643962346438653831396564373366623233366630643332336637613830643235363535386466
37626536663234653231306339613535353035316333353862333630386336303832373364636466
35653430383761666433633338646331386164336465353137323138613638323063663936656564
34363932323132663863643534643761376632656636373863313333663266616262626436613166
33653565363961346366353363623239366162393031366562613330303035613166653131333237
32633434346264353237663936613462333339646538323065623564613637666137366665373164
32386239653633366631303563316632643830643865363165663562323366393232373062646439
30626431316166356435383038643166646531313561326663616464616463616138396238373564
38333034643536303362623730653565636261323066623362343538343532663561356434333861
63633334306433333866653661366535326162393932393437663631633761376132316437383239
64386235306535666330653261343732353064373164376136393232326632643264383762313736
64336364333535653530396431323236633837393631343165313865626131313865383339383037
33316633316461303565303036363364663761633630386364323337626565343430666139326165
3063
