$ANSIBLE_VAULT;1.1;AES256
35373261303965646162623165613935623131626532616431656666653861653930323739383337
6531336530666138336231613833303536343636336139380a363566393164343133613433636261
35383935393464333765343632303338366530356361613630363132376133633833613163313736
3166306166643434320a303436633864613631303632666235313730343635326332343332366663
31623266383761353066376330346538613436623465306533616464376266353362333965373336
33656163363263626336653466636630333234666237646433323639373766613864393962333462
64323234616433333635613131666538326661366634336531343661306434623137326138396431
31353937313665376561346331393635336539363133333266393439303536633433396265353436
39356234646266356466373562333961663864303765653463353435353235623931366662653331
64383936323231613166393664636462383236373665643132393166376561386539323163303039
35663761386239663235346664393461326536653932633564323533633666656162366230613564
37623430333936303165636261663730613134313565663331383434333939306333653761366135
31316536613231303163656161303731373336363663343835376335656233663231623837656533
31353964363936333139323236323034386561373964663563336239383035306231326136646135
33373434373164613163316230306561376663316230383832346138626634643962363164333139
37653534353265393666663631343438636434633437303035343330646535313962633732333462
31626631386332363132616339383139353736353865316137356332386336663734393033303063
38326464373765396236323865373832336466313537353561643939653230343862316161396433
35333864643464643039643732373464616330643037306435313266393933656364346332383438
36303230306539633332363463636635636230663735326237666362656262316534646236633462
31663966653462616334383737623338336237323432346666373130363235353934623631383762
34613734666463353935653938383563646235326630313734303533656538613333386163313631
63373133323339313832626266323939633932663434633662343663656334373764333939326464
33343231396134336535616438386236653937656639356336613231383031396434393039356233
36656161353462616532373431396164356663333763386132316462366663373533336331333031
34393338383266656334313230323133346438356134383639386635373636623436373238653361
36306431663936376536333166653638306239633131663263326561333533613038666630386235
33313137303530383266613933646363623831386164306539316165343164373165633938376535
33323066353964633863633036353837623032323639323531343438393932303264613535666535
66366161316238316434656537393866613763303434313331623234656364363239393634333863
63613736316130633033393566313431626536326666313834333731613839336664333462613466
63663064343164623831656630663039616135646134313363346161336530386165336362313930
64643563326436653333383938373030653664373762383262353162343534353333373531333461
63353035613232656130396636373737633038373735363861363532303536346333363666383531
35656132303261653364613932343462396565616333336634346364633030333233383866303331
61376539346632653739653538386362643033383166383835353564356436393134303365383638
33353334313734623962626536633633333939636462646139323766363365323034643564306163
37363038636138343530653434666262656563653165363762623232326630633164666238666633
33313265316538663832343966346166383466306330656331313735353030613637343266353533
35343335656234373135313737313763656632666365363737663261353935373031666431326561
38363138643838393630313739316430646536613263363738636631373032366266386666346161
62346239646438313131623230323862316537643930316139386334376331663138383861323939
35323338306439323338326136386230633038656131393332366536386635383838326165396439
32383866333761346238633636303039353938393639346463356564303864346539333931373261
33663862383164346333383132326233303962366561363734323539346262323864396134633230
31666530636237393831303866663436333231666430626432663030633364303833346262656439
31326439393264646531663439613632396534373536343331623235353535333136656363626437
64356336346563386664336234346663363963633033346165313963626564333630653063373461
38626266646361393032616235626438323733373637373439636237666238373562313638386637
36653638623932633734653230616465616165613161643333386231323562646663346435313533
64663633373464306265386563616565383434663463323633346665383635663239366533623166
61366235633733353132333935663462373362613131626262303733346533666462346233386135
39333031373532333836383862313136636663393332643232376235353438376139663831613964
64363065383461653237616330656366623462353033646239363463653331343939333336313362
36646330346366356363343239643334366530373462313830363265396330333932383835376362
34663133646237336532353863373038333838353662393038633831363536386564303961623335
36376433623630363535363436623732336465626133356436313162353030616639333539633666
34633734343664653532363534336665313666306166616434353830353864396430616565633666
64313365616163353933316537366630663934336133343639383165366365303061306566346334
37653434316530306665373264373031626565616630346631303531653063623837393961343430
30383961383061653163386162353735356133326561343261356165653131623033376637613838
65353764333231616665633939666239363432626238383535663864336230633035323334313465
65633064376130656630346265343436353430393164333839643836623832333631626632643635
34313764356236333462386236386334363630633237646331616161363061616533623361306632
32366161373830323732663336653931373733333136393265643164303338323461623438326437
39326238653532303665663630313530313063636433303231313266656466323063663532613231
31373732326634636335643538626332323139373734616437383637666365366264663362636233
36636638666437376365376333333835653863613266396132623938383531626632666436616531
31626563313239303434333863633563393736666262303039333437353034323931663839383131
66346630313063366635613962303230383361383739636363623431353436376131306266656461
34393263316631386161383861326430333730323735343365623166376533313138613161333562
62386565386165353535653165616562346665303163366639663231376564343534353362646431
34653062393330306630633831366230343338653734316334663765353864613633303936333736
34376334373632306232303466636530316364323365313165613038383730623265393163366330
39333437633239393537346432666662633835303665373732633131326232663563656130623239
34666531316233383535626365643965323637306534303464613237353630663830633731396237
36323238363731643830616562343232306437623530323835393661623864343166393833653664
36333765663634633964613835643533323937633966623666626333333565306165323762353636
65613739313462663432643338393061626132666539303064613938323332316431313664666630
66663238616638306135633231653062626638383639373334326531393837373238653630383463
66333130396466343937393263336564646239663634623535356337656536326236303666666530
37346432333339303439646439626535386337336132373831626138663864343836333936383332
36303262653034353136623963663766336665373534666633626163666634303736656165336135
61393236656634363964626239346266373465323631373831396264643561366462373032643362
37363064323532646135333936353133393230653138653064336637663737616265383031323834
61396564303136613730333335653133336530336663613863363530613638373232633534653130
64656562636365663137366339333064653666636230663238363231376264333563306333666334
64396462623861396235653765363232643430613237323164643134343335636639396631306530
33326135643030366134633762396266333765376333633037316235613162313966663538366663
33313863633234326665353131393833646361393363333437363163313739653038656265373438
35323835316530356238303034366331386633313434306433623965636661663933633536316336
65366337623135383265353139666331343139393034373735623639316133626239363338613461
34323237313931313333613764633433623338336561333632613265323330613333333639303739
30616531333961643335303964323238636266356235613630336162366562653564383561653036
61393035376265303035623831623832613563616436363065326464326437623864323936643736
63663237623136343964376462633665336136393537613238373261363337303639323866356562
62343061373464633664653864383763306166626234323861306137356439623230656434646439
30616266366663663038363531643138343932613834316236643263336630343635633633326431
66666338613166373732623264653236333636643531653633326465633662626233333265623762
39643537626336303466633537646466653232653536316265313632363238623537343364323132
62663064303661353164633565616231633934373331346132386666336631616238333331386637
33326238643734613033323438363566383339383837306530336164613262323563396466633564
61396431633932646562373533353939373131363762353962626464303936343564393535613130
37356131363439373036666331386666333030323961373633356330373633326233386439643539
3562
