$ANSIBLE_VAULT;1.1;AES256
33666333656566333832316439343864633533396261646133643333646136366432633561666233
3633643638363233353132643733393866323139306366350a356466363461646436396561663361
61353337356639613830383665393035333463326534346631303237633130316436633832353935
3238333462313239300a356665393231353763656266643461316435373263636134373136616538
64356439333066306436333730633332383065656138346436326562616537626264326431313632
31326162373935363430333630396630643138393931353364623832343336633834383036346664
62323065346164636562333563323034333533313032666533636362376665376338356334303133
37623735633765393432393766393633623262306339396431326434373066653535633433653131
36656430323134343466366336626530343337636334666234613866613161353432366537333734
32326436666432393861663732616632363466353035643065386633663138373831356238373239
34303939666335633866396537316538353233346364353966633334646664633034396634613036
36383430646431633262356230633330306138643065633630396565313338333463663239626530
35643530653066653464363162326234326635633331653031626431356565663033373130356236
36336639666235376435626437643534653865636463356636653235313432353236313638336636
37656538343732333165386161396435666365653238373561323865343366663036326232396362
39373630666433343136346235393134333162333233643734316566613666356539316638353264
39393566653063653735653537393838393730333234316232303665393465316634333039386437
63383663613538356330653536393765336639383865663931613834663738666335336434346364
39636434306531363437303436376639613666396266333839393066363165346166336564326537
35613834363634656463306531373766633237333037353435333535613839343062666135333131
31313765373239326263663739333339356563366266363630646666353639303132626432613662
35653966373937636438333339316266316338343232386632653264363835636639663439363537
64313236656264373834343831643836653566366563333862303062643639353662326131383735
37346135663963643162306431663430333137643636336337326534613831373533656534333336
36613438353131323033386630366138653865306630626361323036373138613166633531633435
38356662313963646365353036323232396636376338633739323934646538633135346338343963
61366664313737343738366463373863363433323734613262373335316237386437636663343961
36663339643234633631
